4.806089 73.675758 -0.005109 1.541155 
4.806089 73.675758 -0.005109 1.541155 
4.806089 73.675758 -0.005109 1.541155 
4.810134 73.819023 -0.007029 1.540836 
4.862571 75.559662 -0.010069 1.540432 
4.972934 79.189240 -0.006091 1.540371 
5.114434 83.831337 -0.008749 1.540179 
5.339086 91.129822 -0.009941 1.539763 
5.618305 100.102272 -0.003105 1.539756 
5.853943 107.706573 0.000194 1.540031 
5.911727 109.597458 -0.003388 1.541250 
5.943862 110.679108 -0.007867 1.541083 
6.034422 113.720306 -0.008199 1.540936 
6.146184 117.463249 -0.006052 1.540937 
6.259029 121.241280 -0.004537 1.540961 
6.358283 124.567818 -0.005971 1.540963 
6.258376 127.678299 -0.004771 1.604931 
5.722684 130.120056 -0.003888 1.818381 
4.609132 131.745392 -0.005269 2.069421 
-149.063492 -107.707565 0.128806 -1.564200 
2.105922 134.928055 -0.005116 2.347696 
1.004395 135.924698 -0.004757 2.399638 
-0.457336 136.723053 -0.007846 2.558952 
-3.674992 138.200500 -0.010074 2.708135 
-8.371362 139.813431 -0.003354 2.921601 
-149.063492 -107.707565 0.128806 -1.564200 
-17.014803 139.690704 -0.007995 -3.139699 
-22.457136 139.523682 -0.003985 -3.082917 
-27.105415 139.280106 -0.005294 -3.100336 
-31.377155 139.151505 -0.004367 -3.112303 
-34.961285 139.046432 -0.004526 -3.112256 
-37.964165 138.958282 -0.004673 -3.112222 
