27.311777 -5.989126 0.010742 0.017394 
27.312729 -5.989108 0.010632 0.017390 
27.999262 -5.976565 0.010575 0.020617 
30.520161 -5.964633 0.010547 0.007678 
35.952343 -5.914996 0.011072 0.011402 
44.622147 -5.810149 0.011049 0.014269 
54.325699 -6.052975 0.011238 -0.028972 
63.652142 -6.324195 0.011167 -0.028757 
73.234787 -6.568098 0.011105 -0.016778 
84.277840 -6.743199 0.011138 -0.014847 
95.737740 -6.998725 0.011114 -0.022809 
110.697968 -7.327976 0.011137 -0.020839 
123.285049 -7.575816 0.011117 -0.017702 
138.499481 -7.823221 0.011115 -0.013873 
154.995819 -8.026609 0.011115 -0.009708 
172.751541 -8.170095 0.011115 -0.005268 
191.683945 -8.238217 0.011154 -0.001170 
211.233902 -8.275843 0.011237 -0.003478 
227.273544 -8.350989 0.011471 -0.011482 
238.339783 -8.537305 0.011473 -0.025839 
245.940308 -8.736252 0.011209 -0.026463 
253.471436 -8.935866 0.157155 -0.025712 
