-81.602516 -70.153885 0.822864 -1.537590 
-81.602516 -70.153885 0.822864 -1.537590 
-81.600601 -70.208542 0.820839 -1.537839 
-81.537079 -72.209518 0.803839 -1.539461 
-81.362350 -77.792313 0.753635 -1.539483 
-81.233276 -81.918983 0.682919 -1.539470 
-81.103584 -86.760368 0.591405 -1.544687 
-80.928841 -95.292000 0.440969 -1.564536 
-80.876801 -107.318550 0.229539 -1.566494 
-80.823608 -120.006111 0.075949 -1.566494 
-80.776169 -130.924423 0.043169 -1.566398 
-80.749474 -136.802979 0.024137 -1.566120 
-80.725464 -141.943665 0.006179 -1.566149 
-80.695328 -148.450180 -0.001754 -1.566172 
-80.668961 -154.139938 0.000601 -1.566147 
-80.505859 -158.068298 -0.000606 -1.507367 
-80.311882 -160.737015 -0.002528 -1.501969 
-80.013771 -163.969131 -0.007626 -1.479683 
-79.011879 -170.338593 -0.003472 -1.346967 
-77.607224 -175.421982 0.001964 -1.264313 
-76.233444 -177.881073 -0.000947 -1.107920 
-75.218300 -179.784134 -0.005492 -1.082148 
-72.840691 -183.722855 -0.009940 -1.039060 
-66.527252 -189.908234 -0.000254 -0.621939 
-61.226254 -193.344879 0.001372 -0.519880 
-56.735718 -195.254852 0.000349 -0.421160 
-53.429920 -196.735855 -0.004791 -0.421158 
-47.454590 -198.634140 -0.009871 -0.236998 
-40.125443 -200.376190 0.001947 -0.234467 
-34.347347 -200.895752 -0.000993 -0.058595 
-29.945723 -201.153427 -0.002285 -0.058612 
-26.275076 -201.084213 0.000230 0.014767 
-23.630747 -201.045334 -0.004800 0.014773 
-18.891052 -200.975403 -0.010062 0.014740 
-12.247581 -200.877533 0.001897 0.014752 
-7.127352 -200.801971 -0.002000 0.014756 
-3.466838 -200.188477 0.001025 0.205631 
-1.622008 -199.373993 -0.002600 0.337496 
0.167648 -197.785095 -0.000573 0.662820 
1.243550 -196.085190 -0.005618 0.866060 
3.533768 -192.236572 -0.008845 1.106368 
5.306726 -184.592514 -0.001227 1.328569 
5.724825 -177.540527 0.001808 1.559160 
5.782698 -172.318604 -0.000866 1.559831 
5.732464 -168.515213 -0.004684 1.589804 
5.371715 -163.209732 -0.001943 1.640511 
5.072186 -158.018753 -0.003728 1.628254 
4.647468 -150.633591 -0.006378 1.628217 
5.352771 -144.020767 0.003913 1.301102 
7.782543 -141.855591 -0.000645 0.765043 
9.800124 -139.934250 -0.004724 0.764050 
13.609962 -136.997299 -0.010326 0.643416 
21.132925 -133.721817 -0.002041 0.180418 
31.094973 -133.953964 -0.000886 -0.014990 
39.773323 -133.420792 -0.002736 0.062878 
47.977146 -133.006546 -0.001989 0.045460 
56.805317 -132.604950 -0.006293 0.045442 
67.408638 -132.122894 0.002371 0.045397 
78.742561 -131.607819 0.046493 0.045431 
87.951035 -131.188965 0.104731 0.045495 
89.891541 -131.100723 0.112481 0.045781 
89.897179 -131.100449 0.106169 0.045781 
89.897179 -131.100449 0.106169 0.045781 
89.897179 -131.100449 0.106169 0.045781 
