5.936389 -33.996220 -0.002708 1.430166 
5.936389 -33.996220 -0.002708 1.430166 
5.936389 -33.996220 -0.002708 1.430166 
5.938564 -33.980919 -0.003431 1.430294 
6.122256 -32.810055 -0.009343 1.423140 
7.623708 -28.269785 -0.001797 1.263171 
9.613181 -24.230583 -0.003917 1.074482 
12.561233 -18.796125 -0.010255 1.074286 
17.135799 -10.238688 -0.005519 1.097046 
18.342409 -1.529157 0.000008 1.750102 
16.560118 6.116719 0.041518 1.809732 
14.524209 11.164304 -0.004822 1.959744 
12.570560 15.051001 0.001611 2.083538 
10.709858 16.389765 -0.000848 2.432319 
8.786276 17.535994 -0.007034 2.535419 
3.095386 19.034567 -0.009941 3.007558 
-6.375755 20.097462 -0.005035 3.061883 
-14.898738 17.281044 -0.000707 -2.426600 
-17.122875 10.700994 0.000135 -1.861700 
-18.678190 4.603906 -0.000634 -1.767991 
-18.447643 0.451027 0.057997 -1.528022 
-18.307478 -2.944824 0.067284 -1.528028 
-17.032385 -8.720108 0.030319 -1.269873 
-14.446892 -17.951870 -0.006478 -1.334290 
-11.724196 -29.694067 -0.008733 -1.373522 
-10.706717 -45.538784 -0.008519 -1.530582 
-10.420712 -64.591171 -0.008283 -1.566622 
-9.721448 -86.443649 -0.006881 -1.505621 
-8.596141 -109.370926 -0.007172 -1.547410 
-8.036517 -133.313965 -0.007159 -1.548055 
-7.818017 -160.111221 -0.001674 -1.666087 
-15.429974 -181.393982 0.147470 -2.508008 
-30.149410 -191.455505 0.019680 -2.883680 
-42.496151 -190.161758 0.002088 2.597700 
-48.830414 -187.024429 0.000436 2.778897 
-55.310135 -184.641251 0.031763 2.787628 
-58.115513 -183.626816 0.045949 2.770643 
-58.137093 -183.619431 0.038061 2.770913 
-58.137119 -183.619431 0.038035 2.770913 
